bear_0_0_0 96 96 0.14257812 0.9404297 0.046875 0.046875
bear_0_0_1 96 96 0.9370117 0.09423828 0.046875 0.046875
bear_0_0_2 96 96 0.7553711 0.25585938 0.046875 0.046875
bear_0_1_0 96 96 0.7553711 0.3046875 0.046875 0.046875
bear_0_1_1 96 96 0.9165039 0.2841797 0.046875 0.046875
bear_0_1_2 96 96 0.21289062 0.49951172 0.046875 0.046875
bear_1_0_0 96 96 0.26171875 0.49951172 0.046875 0.046875
bear_1_0_1 96 96 0.21289062 0.54833984 0.046875 0.046875
bear_1_0_2 96 96 0.26171875 0.54833984 0.046875 0.046875
bear_1_1_0 96 96 0.21289062 0.59716797 0.046875 0.046875
bear_1_1_1 96 96 0.26171875 0.59716797 0.046875 0.046875
bear_1_1_2 96 96 0.21289062 0.6459961 0.046875 0.046875
bear_2_0_0 96 96 0.26171875 0.6459961 0.046875 0.046875
bear_2_0_1 96 96 0.21289062 0.6948242 0.046875 0.046875
bear_2_0_2 96 96 0.26171875 0.6948242 0.046875 0.046875
bear_2_1_0 96 96 0.21289062 0.74365234 0.046875 0.046875
bear_2_1_1 96 96 0.26171875 0.74365234 0.046875 0.046875
bear_2_1_2 96 96 0.21289062 0.79248047 0.046875 0.046875
bear_3_0_0 96 96 0.26171875 0.79248047 0.046875 0.046875
bear_3_0_1 96 96 0.21289062 0.8413086 0.046875 0.046875
bear_3_0_2 96 96 0.26171875 0.8413086 0.046875 0.046875
bear_3_1_0 96 96 0.21289062 0.8901367 0.046875 0.046875
bear_3_1_1 96 96 0.26171875 0.8901367 0.046875 0.046875
bear_3_1_2 96 96 0.21289062 0.93896484 0.046875 0.046875
bear_4_0_0 96 96 0.26171875 0.93896484 0.046875 0.046875
bear_4_0_1 96 96 0.32470703 0.4169922 0.046875 0.046875
bear_4_0_2 96 96 0.32470703 0.4658203 0.046875 0.046875
bear_4_1_0 96 96 0.32470703 0.51464844 0.046875 0.046875
bear_4_1_1 96 96 0.32470703 0.56347656 0.046875 0.046875
bear_4_1_2 96 96 0.32470703 0.6123047 0.046875 0.046875
bear_5_0_0 96 96 0.32470703 0.6611328 0.046875 0.046875
bear_5_0_1 96 96 0.32470703 0.70996094 0.046875 0.046875
bear_5_0_2 96 96 0.32470703 0.75878906 0.046875 0.046875
bear_5_1_0 96 96 0.32470703 0.8076172 0.046875 0.046875
bear_5_1_1 96 96 0.32470703 0.8564453 0.046875 0.046875
bear_5_1_2 96 96 0.32470703 0.90527344 0.046875 0.046875
bear_6_0_0 96 96 0.37353516 0.4169922 0.046875 0.046875
bear_6_0_1 96 96 0.37353516 0.4658203 0.046875 0.046875
bear_6_0_2 96 96 0.37353516 0.51464844 0.046875 0.046875
bear_6_1_0 96 96 0.37353516 0.56347656 0.046875 0.046875
bear_6_1_1 96 96 0.37353516 0.6123047 0.046875 0.046875
bear_6_1_2 96 96 0.37353516 0.6611328 0.046875 0.046875
bear_7_0_0 96 96 0.37353516 0.70996094 0.046875 0.046875
bear_7_0_1 96 96 0.37353516 0.75878906 0.046875 0.046875
bear_7_0_2 96 96 0.37353516 0.8076172 0.046875 0.046875
bear_7_1_0 96 96 0.37353516 0.8564453 0.046875 0.046875
bear_7_1_1 96 96 0.37353516 0.90527344 0.046875 0.046875
bear_7_1_2 96 96 0.42236328 0.4169922 0.046875 0.046875
bg_0 432 768 0.0 0.0 0.2109375 0.375
bg_1 432 768 0.0 0.37695312 0.2109375 0.375
bg_2 432 768 0.21289062 0.0 0.2109375 0.375
black 48 48 0.5917969 0.34570312 0.0234375 0.0234375
blade 12 27 0.203125 0.8173828 0.005859375 0.013183594
blink_00 15 15 0.203125 0.8461914 0.0073242188 0.0073242188
blink_01 15 15 0.203125 0.85595703 0.0073242188 0.0073242188
blink_02 15 15 0.203125 0.8652344 0.0073242188 0.0073242188
button_ads 180 63 0.21289062 0.46679688 0.087890625 0.030761719
button_change 99 78 0.9165039 0.19433594 0.048339844 0.038085938
button_exit 69 78 0.96533203 0.2841797 0.033691406 0.038085938
button_play 162 96 0.9165039 0.14550781 0.07910156 0.046875
button_rate 99 63 0.9165039 0.3330078 0.048339844 0.030761719
button_score 162 96 0.8046875 0.3251953 0.07910156 0.046875
button_start 162 96 0.9165039 0.23535156 0.07910156 0.046875
center 12 12 0.203125 0.89453125 0.005859375 0.005859375
cloud_0 336 378 0.0 0.75390625 0.1640625 0.18457031
cloud_1 336 378 0.42578125 0.0 0.1640625 0.18457031
cloud_2 336 378 0.42578125 0.18652344 0.1640625 0.18457031
coin_0 27 27 0.107910156 0.97753906 0.013183594 0.013183594
coin_1 27 27 0.123046875 0.97753906 0.013183594 0.013183594
coin_2 27 27 0.19140625 0.9746094 0.013183594 0.013183594
copyright 165 24 0.0 0.97753906 0.080566406 0.01171875
crane 408 33 0.44091797 0.37695312 0.19921875 0.016113281
font_048 36 66 0.19140625 0.9404297 0.017578125 0.032226562
font_049 24 66 0.19873047 0.75390625 0.01171875 0.032226562
font_050 36 66 0.98095703 0.0 0.017578125 0.032226562
font_051 36 66 0.98095703 0.034179688 0.017578125 0.032226562
font_052 36 66 0.9667969 0.19433594 0.017578125 0.032226562
font_053 36 66 0.8857422 0.3251953 0.017578125 0.032226562
font_054 36 66 0.9667969 0.3330078 0.017578125 0.032226562
font_055 36 66 0.6791992 0.37695312 0.017578125 0.032226562
font_056 36 66 0.69873047 0.37695312 0.017578125 0.032226562
font_057 36 66 0.7182617 0.37695312 0.017578125 0.032226562
gib 12 12 0.203125 0.90234375 0.005859375 0.005859375
hammer 63 126 0.16601562 0.75390625 0.030761719 0.061523438
land 432 222 0.5917969 0.14550781 0.2109375 0.10839844
leaf_0 15 15 0.203125 0.8745117 0.0073242188 0.0073242188
leaf_1 15 15 0.203125 0.88378906 0.0073242188 0.0073242188
medal_00 72 75 0.16601562 0.8173828 0.03515625 0.036621094
medal_01 72 75 0.16601562 0.85595703 0.03515625 0.036621094
medal_02 72 75 0.16601562 0.89453125 0.03515625 0.036621094
medal_03 72 75 0.64208984 0.37695312 0.03515625 0.036621094
new 48 21 0.08251953 0.97753906 0.0234375 0.010253906
ninja_0_0 96 96 0.4711914 0.4169922 0.046875 0.046875
number_score_00 24 30 0.19873047 0.78808594 0.01171875 0.0146484375
number_score_01 24 30 0.98095703 0.068359375 0.01171875 0.0146484375
number_score_02 24 30 0.98583984 0.09423828 0.01171875 0.0146484375
number_score_03 24 30 0.98583984 0.110839844 0.01171875 0.0146484375
number_score_04 24 30 0.98583984 0.1274414 0.01171875 0.0146484375
number_score_05 24 30 0.6425781 0.34570312 0.01171875 0.0146484375
number_score_06 24 30 0.65625 0.34570312 0.01171875 0.0146484375
number_score_07 24 30 0.6699219 0.34570312 0.01171875 0.0146484375
number_score_08 24 30 0.68359375 0.34570312 0.01171875 0.0146484375
number_score_09 24 30 0.7553711 0.35351562 0.01171875 0.0146484375
pipe 234 78 0.32470703 0.37695312 0.11425781 0.038085938
point 21 18 0.19873047 0.8046875 0.010253906 0.0087890625
score_panel 357 189 0.8046875 0.0 0.1743164 0.092285156
text_gameover 288 72 0.0 0.9404297 0.140625 0.03515625
text_ready 267 72 0.8046875 0.09423828 0.1303711 0.03515625
title_00 225 180 0.5917969 0.25585938 0.10986328 0.087890625
title_01 225 180 0.8046875 0.14550781 0.10986328 0.087890625
title_02 225 180 0.8046875 0.23535156 0.10986328 0.087890625
title_03 225 180 0.21289062 0.37695312 0.10986328 0.087890625
tree 432 294 0.5917969 0.0 0.2109375 0.14355469
tutorial 102 216 0.7036133 0.25585938 0.049804688 0.10546875
wheels_0 96 96 0.52001953 0.4169922 0.046875 0.046875
wheels_1 96 96 0.56884766 0.4169922 0.046875 0.046875
wheels_2 96 96 0.6176758 0.4169922 0.046875 0.046875
wheels_3 96 96 0.6665039 0.4169922 0.046875 0.046875
wheels_4 96 96 0.71533203 0.4169922 0.046875 0.046875
wheels_5 96 96 0.76416016 0.4169922 0.046875 0.046875
wheels_6 96 96 0.8129883 0.4169922 0.046875 0.046875
wheels_arm 12 24 0.203125 0.83251953 0.005859375 0.01171875
white 48 48 0.6171875 0.34570312 0.0234375 0.0234375
